0002
0006
0009
0017
0018
0024
0048
0054
0056
0060
0062
0071
0073
0088
0093
0094
0096

0104 (maybe)
0105
0106
0109
0133
0141
0144
0146
0155
0162
0166 (ends with zeros)
0167 (maybe)
0172 (maybe)
0173
0179
0183
0190 (maybe)
0191 (maybe)
0192
0195

0204
0214
0216
0217
0220
0221 (maybe)
0223
0226
0233 (maybe)
0241
0255 (maybe)
0263
0269
0277
0281 (maybe)
0282 (maybe)
0288
0292
0296 (maybe)
0303
0311
0317
0320
0331 (maybe)
0333 (maybe)
0336
0348
0351
0352
0355 (maybe)
0359
0360
0361
0362 (maybe)
0366
0374
0382
0385
0389
0400









Done through


